00000059
0000006f
00000075
00000020
00000061
00000072
00000065
00000020
00000069
0000006e
00000020
0000006e
00000065
00000065
00000064
00000020
0000006f
00000066
00000020
00000065
00000076
00000065
00000072
00000079
00000074
00000068
00000069
0000006e
00000067
0000000a
00000067
00000072
00000065
00000079
00000020
00000072
0000006f
00000061
00000064
00000073
0000002c
0000000a
00000064
00000065
00000065
00000070
00000020
00000067
0000006c
0000006f
0000006f
0000006d
00000073
0000002c
0000000a
00000062
00000069
00000072
00000064
00000073
00000020
00000074
00000068
00000061
00000074
00000020
00000073
00000069
0000006e
00000067
00000020
00000065
00000076
00000065
0000006e
00000020
00000069
0000006e
00000020
00000073
00000069
0000006c
00000065
0000006e
00000063
00000065
0000000a
00000074
00000068
00000065
00000020
00000073
0000006b
00000079
0000002c
0000000a
00000061
0000006e
00000020
00000061
00000075
00000074
00000075
0000006d
0000006e
00000020
0000006c
00000065
00000061
00000066
0000002c
0000000a
00000068
00000061
0000006e
00000064
00000073
00000020
00000065
0000006d
00000070
00000074
00000079
0000002c
0000000a
0000006c
0000006f
00000076
00000065
00000020
00000075
0000006e
00000072
00000065
00000074
00000075
00000072
0000006e
00000069
0000006e
00000067
0000002c
0000000a
00000073
0000006e
0000006f
00000077
00000073
00000020
00000077
00000068
00000069
00000074
00000065
0000006e
00000065
00000073
00000073
0000000a
00000064
00000061
00000077
0000006e
00000020
0000006c
00000069
00000067
00000068
00000074
00000073
0000002c
0000000a
00000079
0000006f
00000075
00000020
00000061
00000072
00000065
00000020
00000069
0000006e
00000020
0000006e
00000065
00000065
00000064
00000020
0000006f
00000066
00000020
00000065
00000076
00000065
00000072
00000079
00000074
00000068
00000069
0000006e
00000067
00000020
00000074
00000068
00000065
00000020
00000064
00000072
00000065
00000061
0000006d
00000020
00000072
00000065
00000071
00000075
00000069
00000072
00000065
00000073
0000002c
0000000a
00000074
0000006f
00000020
00000062
00000065
00000063
0000006f
0000006d
00000065
00000020
0000006f
0000006e
00000065
00000020
00000077
00000069
00000074
00000068
00000020
00000074
00000068
00000065
00000020
0000006d
00000075
00000073
00000069
00000063
0000002e
00000000