00000057
00000068
00000069
00000074
00000065
00000020
00000062
00000065
0000006c
0000006c
00000073
00000020
00000077
00000069
00000074
00000068
00000020
00000070
00000065
0000006e
00000064
00000075
0000006c
00000075
0000006d
00000073
00000020
0000006f
00000066
00000020
00000061
0000006e
00000069
00000073
00000065
0000002c
00000020
00000048
00000061
00000072
0000006d
0000006f
0000006e
00000069
00000065
00000073
00000020
0000006f
00000066
00000020
00000067
0000006c
00000061
00000073
00000073
00000020
00000077
00000068
00000065
00000072
00000065
00000020
0000006d
00000079
00000020
0000006c
00000069
00000070
00000073
00000020
00000062
00000065
00000063
0000006f
0000006d
00000065
00000020
00000070
00000075
00000070
00000070
00000065
00000074
00000073
0000002c
00000020
00000041
0000006e
00000064
00000020
00000074
00000061
0000006b
00000065
00000020
0000006d
00000065
00000020
00000074
0000006f
00000020
00000061
00000020
00000067
00000065
0000006e
00000074
0000006c
00000065
00000020
00000072
00000069
00000076
00000065
00000072
00000020
0000006f
00000066
00000020
00000077
00000061
00000072
0000006d
00000020
00000063
00000075
00000072
00000072
00000065
0000006e
00000074
0000002c
00000020
00000057
00000068
00000065
00000072
00000065
00000020
00000049
00000020
00000064
00000072
00000065
00000061
0000006d
00000020
00000077
00000069
00000074
00000068
00000020
00000073
00000065
00000065
00000069
0000006e
00000067
00000020
00000079
0000006f
00000075
00000072
00000020
00000067
00000061
0000007a
00000065
0000002e
00000020
00000042
00000075
00000074
00000020
00000049
00000020
00000072
00000065
00000066
00000075
00000073
00000065
00000020
00000074
0000006f
00000020
0000006f
00000070
00000065
0000006e
00000020
0000006d
00000079
00000020
00000065
00000079
00000065
00000073
00000020
00000061
00000067
00000061
00000069
0000006e
0000002c
00000020
00000042
00000065
00000063
00000061
00000075
00000073
00000065
00000020
0000006f
00000066
00000020
00000074
00000068
00000065
00000020
00000069
0000006e
00000066
00000069
0000006e
00000069
00000074
00000065
00000020
00000077
0000006f
00000072
0000006c
00000064
00000020
00000063
00000061
0000006c
0000006c
00000065
00000064
00000020
0000006b
00000069
00000073
00000073
0000002e
00000000